 1      0.      1000.0    0.0
 2      5000.0  1000.0    0.0
 3      10000.0 1000.0    0.0
 4      15000.0 1000.0    0.0
 5      4330    3500.0    0.0
 6      8660    6000.0    0.0
 7      12990   8500.0    0.0
 8      2500    5330.0    0.0
 9      5000.0  9660.0    0.0
10      7500    13990.0   0.0
11      0.0     -1000.0   0.0
12      5000.0  -1000.0   0.0
13      10000.0 -1000.0   0.0
14      15000.0 -1000.0   0.0
15      4330    -3500.0   0.0
16      8660    -6000.0   0.0
17      12990   -8500     0.0
18      2500    -5330.0   0.0
19      5000.0  -9660.0   0.0
20      7500    -13990.0  0.0

